2018-03-20__18:40:25 927 12 8.8400 186.04
2018-03-20__18:40:27 927 12 8.9500 186.04
2018-03-20__18:40:29 927 12 8.9500 186.04
2018-03-20__18:40:31 927 12 8.9500 186.04
2018-03-20__18:40:33 927 12 8.9500 186.04
2018-03-20__18:40:35 927 12 8.9500 186.04
2018-03-20__18:40:37 927 12 8.9500 186.04
2018-03-20__18:40:39 927 12 8.9500 186.04
2018-03-20__18:40:41 927 12 8.9500 186.04
2018-03-20__18:40:43 927 12 8.9500 186.04
2018-03-20__18:40:45 927 12 8.8400 186.04
2018-03-20__18:40:47 927 12 9.1600 186.04
2018-03-23_09:57:25 927 609 0.06 0.25
2018-03-23_09:57:30 927 610 0.06 0.25
2018-03-23_09:57:42 927 610 0.06 0.25
2018-03-23_09:57:53 927 609 0.06 0.25
2018-03-23_09:58:04 927 609 0.06 0.25
2018-03-23_09:58:15 927 609 0.06 0.25
2018-03-23_09:58:26 927 609 0.06 0.25
2018-03-23_09:57:25 927 609 0.06 0.25
2018-03-23_09:57:30 927 610 0.06 0.25
2018-03-23_09:57:42 927 610 0.06 0.25
2018-03-23_09:57:53 927 609 0.06 0.25
2018-03-23_09:58:04 927 609 0.06 0.25
2018-03-23_09:58:15 927 609 0.06 0.25
2018-03-23_09:58:26 927 609 0.06 0.25
