2018-03-20_20:02:55 927 345 0.22 0.28
2018-03-20_20:02:57 927 344 0.22 0.28
2018-03-20_20:03:00 927 341 0.22 0.28
2018-03-20_20:03:05 927 339 0.22 0.28
2018-03-20_20:03:10 927 339 0.22 0.28
2018-03-20_20:03:16 927 349 0.21 0.28
2018-03-20_20:03:21 927 343 0.22 0.28
2018-03-22_17:14:48 927 422 0.12 0.26
2018-03-22_17:14:49 927 422 0.12 0.26
2018-03-22_17:14:50 927 422 0.12 0.26
2018-03-22_17:14:51 927 422 0.12 0.26
2018-03-22_17:14:52 927 422 0.12 0.26
2018-03-22_17:14:53 927 422 0.12 0.26
2018-03-22_17:14:54 927 422 0.12 0.26
